{
 "cells": [
  {
   "cell_type": "code",
   "execution_count": 9,
   "id": "88c040df",
   "metadata": {},
   "outputs": [
    {
     "name": "stdout",
     "output_type": "stream",
     "text": [
      "Requirement already satisfied: transformers in /opt/anaconda3/lib/python3.11/site-packages (4.52.3)\n",
      "Requirement already satisfied: filelock in /opt/anaconda3/lib/python3.11/site-packages (from transformers) (3.13.1)\n",
      "Requirement already satisfied: huggingface-hub<1.0,>=0.30.0 in /opt/anaconda3/lib/python3.11/site-packages (from transformers) (0.31.4)\n",
      "Requirement already satisfied: numpy>=1.17 in /opt/anaconda3/lib/python3.11/site-packages (from transformers) (1.26.4)\n",
      "Requirement already satisfied: packaging>=20.0 in /opt/anaconda3/lib/python3.11/site-packages (from transformers) (24.1)\n",
      "Requirement already satisfied: pyyaml>=5.1 in /opt/anaconda3/lib/python3.11/site-packages (from transformers) (6.0.1)\n",
      "Requirement already satisfied: regex!=2019.12.17 in /opt/anaconda3/lib/python3.11/site-packages (from transformers) (2023.10.3)\n",
      "Requirement already satisfied: requests in /opt/anaconda3/lib/python3.11/site-packages (from transformers) (2.31.0)\n",
      "Requirement already satisfied: tokenizers<0.22,>=0.21 in /opt/anaconda3/lib/python3.11/site-packages (from transformers) (0.21.1)\n",
      "Requirement already satisfied: safetensors>=0.4.3 in /opt/anaconda3/lib/python3.11/site-packages (from transformers) (0.5.3)\n",
      "Requirement already satisfied: tqdm>=4.27 in /opt/anaconda3/lib/python3.11/site-packages (from transformers) (4.65.0)\n",
      "Requirement already satisfied: fsspec>=2023.5.0 in /opt/anaconda3/lib/python3.11/site-packages (from huggingface-hub<1.0,>=0.30.0->transformers) (2023.10.0)\n",
      "Requirement already satisfied: typing-extensions>=3.7.4.3 in /opt/anaconda3/lib/python3.11/site-packages (from huggingface-hub<1.0,>=0.30.0->transformers) (4.9.0)\n",
      "Requirement already satisfied: charset-normalizer<4,>=2 in /opt/anaconda3/lib/python3.11/site-packages (from requests->transformers) (2.0.4)\n",
      "Requirement already satisfied: idna<4,>=2.5 in /opt/anaconda3/lib/python3.11/site-packages (from requests->transformers) (3.4)\n",
      "Requirement already satisfied: urllib3<3,>=1.21.1 in /opt/anaconda3/lib/python3.11/site-packages (from requests->transformers) (2.0.7)\n",
      "Requirement already satisfied: certifi>=2017.4.17 in /opt/anaconda3/lib/python3.11/site-packages (from requests->transformers) (2024.2.2)\n",
      "Note: you may need to restart the kernel to use updated packages.\n"
     ]
    }
   ],
   "source": [
    "%pip install transformers"
   ]
  },
  {
   "cell_type": "code",
   "execution_count": 11,
   "id": "4c2a035a",
   "metadata": {},
   "outputs": [
    {
     "name": "stdout",
     "output_type": "stream",
     "text": [
      "{'input_ids': [101, 14324, 17463, 3217, 9623, 7741, 2003, 6827, 1012, 14324, 2003, 1037, 10938, 2121, 2944, 1012, 102], 'token_type_ids': [0, 0, 0, 0, 0, 0, 0, 0, 0, 0, 0, 0, 0, 0, 0, 0, 0], 'attention_mask': [1, 1, 1, 1, 1, 1, 1, 1, 1, 1, 1, 1, 1, 1, 1, 1, 1]}\n"
     ]
    }
   ],
   "source": [
    "from transformers import BertTokenizer\n",
    "\n",
    "tokenizer = BertTokenizer.from_pretrained('bert-base-uncased')\n",
    "text = \"BERT preprocessing is essential. BERT is a transformer model.\"\n",
    "tokens = tokenizer(text)\n",
    "print(tokens)"
   ]
  },
  {
   "cell_type": "code",
   "execution_count": 12,
   "id": "fa227707",
   "metadata": {},
   "outputs": [
    {
     "name": "stderr",
     "output_type": "stream",
     "text": [
      "Some weights of BertForSequenceClassification were not initialized from the model checkpoint at bert-base-uncased and are newly initialized: ['classifier.bias', 'classifier.weight']\n",
      "You should probably TRAIN this model on a down-stream task to be able to use it for predictions and inference.\n"
     ]
    },
    {
     "name": "stdout",
     "output_type": "stream",
     "text": [
      "tensor([1])\n"
     ]
    }
   ],
   "source": [
    "\n",
    "from transformers import BertForSequenceClassification, BertTokenizer\n",
    "import torch\n",
    "\n",
    "tokenizer = BertTokenizer.from_pretrained('bert-base-uncased')\n",
    "model = BertForSequenceClassification.from_pretrained('bert-base-uncased')\n",
    "\n",
    "text = \"This movie was amazing!\"\n",
    "inputs = tokenizer(text, return_tensors='pt')\n",
    "outputs = model(**inputs)\n",
    "predictions = torch.argmax(outputs.logits, dim=1)\n",
    "print(predictions)"
   ]
  },
  {
   "cell_type": "code",
   "execution_count": 15,
   "id": "4409485b",
   "metadata": {},
   "outputs": [
    {
     "name": "stderr",
     "output_type": "stream",
     "text": [
      "Some weights of BertForSequenceClassification were not initialized from the model checkpoint at bert-base-uncased and are newly initialized: ['classifier.bias', 'classifier.weight']\n",
      "You should probably TRAIN this model on a down-stream task to be able to use it for predictions and inference.\n"
     ]
    },
    {
     "name": "stdout",
     "output_type": "stream",
     "text": [
      "tensor([0])\n"
     ]
    }
   ],
   "source": [
    "from transformers import BertForSequenceClassification, BertTokenizer\n",
    "import torch \n",
    "\n",
    "tokenizer = BertTokenizer.from_pretrained('bert-base-uncased')\n",
    "\n",
    "model = BertForSequenceClassification.from_pretrained('bert-base-uncased')\n",
    "text = \"I love programming!\"\n",
    "inputs = tokenizer(text, return_tensors= 'pt')\n",
    "outputs = model(**inputs)\n",
    "predictions = torch.argmax(outputs.logits, dim=1)\n",
    "print(predictions)\n"
   ]
  },
  {
   "cell_type": "code",
   "execution_count": 17,
   "id": "856d2511",
   "metadata": {},
   "outputs": [
    {
     "name": "stdout",
     "output_type": "stream",
     "text": [
      "(tensor([[[[1.1471e-01, 9.7200e-02, 6.8047e-02, 8.7411e-02, 8.1343e-02,\n",
      "           5.5129e-01],\n",
      "          [1.8979e-01, 1.3331e-01, 1.5305e-01, 2.5262e-01, 1.9085e-01,\n",
      "           8.0375e-02],\n",
      "          [2.4287e-01, 1.1925e-01, 7.7998e-02, 1.8781e-01, 2.0021e-01,\n",
      "           1.7186e-01],\n",
      "          [6.3746e-02, 2.2557e-01, 2.0664e-01, 1.2482e-01, 2.5456e-01,\n",
      "           1.2466e-01],\n",
      "          [8.7550e-02, 1.1058e-01, 1.2209e-01, 1.7846e-01, 1.7363e-01,\n",
      "           3.2769e-01],\n",
      "          [1.7658e-01, 1.3155e-01, 1.1872e-01, 8.4194e-02, 2.3247e-01,\n",
      "           2.5649e-01]],\n",
      "\n",
      "         [[9.5042e-01, 2.2245e-02, 4.5349e-03, 4.5630e-03, 9.8712e-03,\n",
      "           8.3618e-03],\n",
      "          [8.8099e-03, 2.2828e-02, 2.5003e-01, 3.4970e-01, 3.2616e-01,\n",
      "           4.2472e-02],\n",
      "          [2.8968e-02, 1.2533e-02, 1.6299e-01, 5.2567e-01, 1.1071e-01,\n",
      "           1.5912e-01],\n",
      "          [3.5496e-02, 1.8830e-02, 8.3386e-02, 5.2465e-01, 9.1730e-02,\n",
      "           2.4591e-01],\n",
      "          [2.4742e-02, 3.5216e-02, 4.3923e-01, 2.3284e-01, 2.2376e-01,\n",
      "           4.4212e-02],\n",
      "          [9.6304e-02, 3.6585e-01, 1.1318e-01, 4.2223e-02, 3.0994e-01,\n",
      "           7.2501e-02]],\n",
      "\n",
      "         [[8.5551e-01, 3.4377e-02, 2.5661e-02, 9.6339e-03, 2.4822e-02,\n",
      "           4.9999e-02],\n",
      "          [7.7032e-01, 7.3054e-02, 2.2587e-02, 4.7556e-02, 1.3667e-02,\n",
      "           7.2816e-02],\n",
      "          [6.8344e-02, 8.9762e-01, 1.5581e-02, 8.6145e-03, 7.4830e-03,\n",
      "           2.3615e-03],\n",
      "          [1.8735e-01, 3.2380e-01, 4.0624e-01, 1.6809e-02, 2.3299e-02,\n",
      "           4.2504e-02],\n",
      "          [2.5964e-01, 1.0609e-01, 1.4623e-01, 2.6575e-01, 9.6778e-02,\n",
      "           1.2552e-01],\n",
      "          [3.9842e-01, 2.9180e-02, 1.2681e-02, 2.2570e-02, 4.2631e-01,\n",
      "           1.1084e-01]],\n",
      "\n",
      "         [[8.0546e-01, 4.2518e-02, 3.4181e-02, 3.9331e-02, 3.9921e-02,\n",
      "           3.8587e-02],\n",
      "          [4.9318e-01, 2.5643e-01, 3.6764e-02, 4.0863e-02, 8.7278e-02,\n",
      "           8.5480e-02],\n",
      "          [1.5731e-02, 9.0605e-01, 5.1076e-02, 1.3014e-02, 9.4744e-03,\n",
      "           4.6493e-03],\n",
      "          [9.0539e-02, 2.8380e-01, 5.1298e-01, 4.1784e-02, 4.5852e-02,\n",
      "           2.5049e-02],\n",
      "          [1.1298e-02, 5.9588e-02, 2.2308e-01, 5.3315e-01, 1.2241e-01,\n",
      "           5.0468e-02],\n",
      "          [4.9261e-02, 2.5452e-02, 1.4944e-02, 7.8677e-02, 7.9888e-01,\n",
      "           3.2782e-02]],\n",
      "\n",
      "         [[7.0820e-01, 4.7767e-02, 5.0209e-02, 3.5093e-02, 7.9410e-02,\n",
      "           7.9321e-02],\n",
      "          [8.9757e-02, 3.0258e-02, 1.0748e-01, 2.7813e-01, 4.0341e-01,\n",
      "           9.0973e-02],\n",
      "          [1.7755e-01, 1.2737e-01, 6.3581e-02, 2.3030e-01, 2.8456e-01,\n",
      "           1.1664e-01],\n",
      "          [2.4234e-01, 2.5966e-01, 2.7313e-01, 1.3324e-02, 7.4457e-02,\n",
      "           1.3709e-01],\n",
      "          [1.7737e-01, 1.5857e-01, 3.2812e-01, 1.7488e-01, 1.2913e-01,\n",
      "           3.1929e-02],\n",
      "          [3.7000e-02, 5.0362e-03, 6.3399e-03, 5.2602e-03, 8.3624e-03,\n",
      "           9.3800e-01]],\n",
      "\n",
      "         [[3.4951e-01, 2.8434e-01, 4.1686e-02, 6.0360e-03, 1.7626e-01,\n",
      "           1.4216e-01],\n",
      "          [2.0668e-01, 1.3106e-01, 1.0768e-01, 1.0936e-01, 2.1585e-01,\n",
      "           2.2938e-01],\n",
      "          [1.1513e-01, 3.8000e-02, 8.0403e-02, 4.1465e-01, 1.9218e-01,\n",
      "           1.5964e-01],\n",
      "          [7.6628e-02, 6.0638e-02, 1.3988e-01, 3.8916e-01, 9.8720e-02,\n",
      "           2.3498e-01],\n",
      "          [8.7954e-02, 1.7195e-01, 5.9407e-02, 2.2654e-01, 2.5894e-01,\n",
      "           1.9522e-01],\n",
      "          [5.7414e-01, 1.6196e-01, 2.1999e-02, 2.2574e-02, 9.7691e-02,\n",
      "           1.2164e-01]],\n",
      "\n",
      "         [[9.5347e-01, 9.8890e-03, 7.7329e-03, 8.3403e-03, 8.3074e-03,\n",
      "           1.2264e-02],\n",
      "          [2.2525e-02, 1.5696e-01, 1.6243e-01, 3.6661e-01, 2.3893e-01,\n",
      "           5.2547e-02],\n",
      "          [4.2695e-02, 1.1191e-01, 3.1244e-01, 2.7332e-01, 2.0437e-01,\n",
      "           5.5270e-02],\n",
      "          [4.1015e-01, 2.0609e-01, 5.8294e-02, 1.6840e-01, 9.8424e-02,\n",
      "           5.8644e-02],\n",
      "          [2.3761e-02, 1.1177e-01, 1.4568e-01, 5.3422e-01, 1.4145e-01,\n",
      "           4.3122e-02],\n",
      "          [1.0840e-01, 2.9830e-01, 7.0896e-02, 1.1030e-01, 1.3999e-01,\n",
      "           2.7211e-01]],\n",
      "\n",
      "         [[6.1524e-01, 4.6084e-02, 1.3997e-02, 1.3502e-02, 2.2850e-02,\n",
      "           2.8833e-01],\n",
      "          [2.3382e-01, 3.3133e-01, 4.8063e-02, 1.2904e-02, 1.3293e-02,\n",
      "           3.6059e-01],\n",
      "          [6.7354e-02, 8.2573e-02, 1.6025e-01, 1.6023e-01, 2.5147e-02,\n",
      "           5.0445e-01],\n",
      "          [9.5001e-02, 4.4665e-02, 4.1698e-01, 3.5990e-01, 5.2519e-02,\n",
      "           3.0938e-02],\n",
      "          [2.3839e-01, 2.2261e-01, 1.6730e-01, 6.2407e-02, 4.3979e-02,\n",
      "           2.6531e-01],\n",
      "          [4.8583e-01, 2.3551e-01, 6.6396e-02, 3.8434e-02, 7.7845e-02,\n",
      "           9.5989e-02]],\n",
      "\n",
      "         [[8.9814e-01, 1.3238e-02, 3.2527e-02, 2.0279e-02, 1.2928e-02,\n",
      "           2.2890e-02],\n",
      "          [4.4953e-03, 2.7216e-02, 7.5642e-02, 2.0895e-01, 5.3485e-01,\n",
      "           1.4885e-01],\n",
      "          [4.0138e-03, 3.7304e-02, 3.8930e-02, 3.5023e-01, 4.0292e-01,\n",
      "           1.6660e-01],\n",
      "          [3.7238e-02, 9.1542e-02, 1.9571e-01, 1.4671e-01, 2.5158e-01,\n",
      "           2.7722e-01],\n",
      "          [1.7734e-02, 6.2041e-02, 1.3974e-01, 2.7962e-01, 2.9467e-01,\n",
      "           2.0620e-01],\n",
      "          [1.7410e-01, 9.4421e-02, 1.9308e-01, 1.4482e-01, 2.8729e-01,\n",
      "           1.0628e-01]],\n",
      "\n",
      "         [[1.9741e-01, 1.5470e-01, 3.7771e-01, 3.9506e-02, 1.8990e-01,\n",
      "           4.0769e-02],\n",
      "          [2.5448e-01, 4.4070e-01, 3.1389e-02, 8.3834e-02, 5.3782e-02,\n",
      "           1.3581e-01],\n",
      "          [1.3380e-01, 5.4941e-02, 6.1398e-01, 6.3930e-03, 1.4618e-01,\n",
      "           4.4703e-02],\n",
      "          [2.8674e-01, 9.7863e-02, 3.6614e-02, 3.0094e-01, 7.9743e-02,\n",
      "           1.9810e-01],\n",
      "          [8.0383e-02, 4.3907e-02, 6.6764e-02, 4.6750e-02, 7.2519e-01,\n",
      "           3.7011e-02],\n",
      "          [6.2793e-01, 7.0055e-02, 1.1595e-01, 3.8941e-02, 9.7056e-02,\n",
      "           5.0068e-02]],\n",
      "\n",
      "         [[8.8603e-01, 4.4172e-02, 1.1546e-02, 1.0944e-02, 1.9218e-02,\n",
      "           2.8092e-02],\n",
      "          [4.2788e-04, 3.4267e-03, 9.5667e-01, 2.0954e-02, 5.8083e-03,\n",
      "           1.2716e-02],\n",
      "          [1.2677e-02, 2.6154e-02, 2.3800e-02, 6.9667e-01, 1.8164e-01,\n",
      "           5.9053e-02],\n",
      "          [9.5595e-02, 5.4538e-03, 4.8447e-02, 9.9308e-03, 7.3880e-01,\n",
      "           1.0178e-01],\n",
      "          [1.8358e-02, 1.6108e-03, 1.7377e-02, 1.8934e-02, 6.8812e-02,\n",
      "           8.7491e-01],\n",
      "          [2.1252e-01, 2.7983e-02, 2.3755e-02, 5.4555e-02, 3.4719e-01,\n",
      "           3.3399e-01]],\n",
      "\n",
      "         [[9.3664e-01, 1.6920e-02, 1.6545e-03, 1.3728e-03, 9.0879e-06,\n",
      "           4.3404e-02],\n",
      "          [4.0715e-01, 6.8595e-02, 7.3947e-02, 6.8593e-02, 4.8026e-02,\n",
      "           3.3369e-01],\n",
      "          [9.8901e-02, 4.7492e-01, 7.8576e-02, 1.0590e-01, 1.4947e-01,\n",
      "           9.2235e-02],\n",
      "          [7.6629e-02, 1.8389e-01, 5.1779e-01, 4.3825e-02, 3.0312e-02,\n",
      "           1.4755e-01],\n",
      "          [2.1312e-01, 4.0980e-02, 1.3940e-01, 6.8996e-02, 7.1961e-02,\n",
      "           4.6555e-01],\n",
      "          [6.6333e-01, 1.2109e-01, 1.9695e-02, 1.1482e-02, 4.0692e-03,\n",
      "           1.8034e-01]]]], grad_fn=<SoftmaxBackward0>), tensor([[[[5.7081e-01, 3.4115e-02, 3.3418e-02, 9.5851e-02, 1.3343e-01,\n",
      "           1.3237e-01],\n",
      "          [4.6805e-01, 3.2499e-02, 1.6778e-01, 8.4611e-02, 4.6107e-02,\n",
      "           2.0094e-01],\n",
      "          [4.8017e-01, 1.5269e-01, 2.7787e-02, 5.5559e-02, 1.1061e-01,\n",
      "           1.7319e-01],\n",
      "          [3.2043e-01, 6.2461e-02, 4.3421e-02, 8.5779e-02, 1.7304e-01,\n",
      "           3.1488e-01],\n",
      "          [1.7903e-01, 3.7753e-01, 3.3544e-02, 6.5650e-02, 1.2766e-01,\n",
      "           2.1659e-01],\n",
      "          [6.9669e-01, 1.7692e-02, 3.9721e-02, 7.1839e-02, 7.5518e-02,\n",
      "           9.8541e-02]],\n",
      "\n",
      "         [[7.6901e-01, 3.2775e-02, 2.3381e-02, 5.6709e-02, 3.8672e-02,\n",
      "           7.9457e-02],\n",
      "          [7.9482e-02, 3.1530e-03, 8.8696e-01, 1.8022e-03, 3.1179e-03,\n",
      "           2.5481e-02],\n",
      "          [2.7718e-01, 1.6878e-02, 1.9856e-02, 4.2321e-01, 1.2532e-01,\n",
      "           1.3755e-01],\n",
      "          [3.8359e-01, 6.0923e-02, 9.5937e-03, 1.6483e-02, 4.1094e-01,\n",
      "           1.1848e-01],\n",
      "          [5.3593e-01, 3.8971e-04, 2.4660e-03, 9.4738e-04, 1.7816e-02,\n",
      "           4.4245e-01],\n",
      "          [9.4969e-01, 1.0193e-03, 7.1018e-04, 5.4185e-03, 2.4709e-03,\n",
      "           4.0689e-02]],\n",
      "\n",
      "         [[9.0920e-01, 1.6189e-02, 1.2018e-02, 2.0816e-02, 1.7844e-02,\n",
      "           2.3936e-02],\n",
      "          [5.4158e-01, 2.3706e-02, 1.2254e-02, 5.1912e-02, 2.6915e-01,\n",
      "           1.0139e-01],\n",
      "          [5.1017e-01, 5.6864e-02, 2.8007e-02, 1.9587e-02, 2.9769e-01,\n",
      "           8.7687e-02],\n",
      "          [6.9519e-01, 7.1840e-02, 1.4295e-02, 3.2531e-03, 1.5748e-01,\n",
      "           5.7940e-02],\n",
      "          [4.6072e-01, 2.2356e-01, 3.2872e-02, 1.4576e-01, 5.4952e-02,\n",
      "           8.2133e-02],\n",
      "          [7.6016e-01, 6.8626e-02, 1.4477e-02, 3.0567e-02, 5.5231e-02,\n",
      "           7.0940e-02]],\n",
      "\n",
      "         [[9.3184e-01, 8.7513e-03, 1.7738e-03, 2.6243e-03, 4.1456e-03,\n",
      "           5.0861e-02],\n",
      "          [6.3398e-01, 9.9800e-03, 4.1193e-02, 3.1708e-02, 4.9004e-02,\n",
      "           2.3414e-01],\n",
      "          [2.2799e-01, 4.0873e-02, 6.2609e-02, 7.0247e-02, 6.2173e-02,\n",
      "           5.3611e-01],\n",
      "          [6.5899e-01, 1.1617e-02, 2.7165e-02, 4.0714e-02, 2.6287e-02,\n",
      "           2.3523e-01],\n",
      "          [3.6883e-01, 2.4992e-02, 7.3154e-02, 1.9242e-02, 2.8866e-02,\n",
      "           4.8492e-01],\n",
      "          [9.0277e-01, 1.4871e-02, 5.5050e-03, 6.3964e-03, 8.7613e-03,\n",
      "           6.1696e-02]],\n",
      "\n",
      "         [[8.9033e-01, 1.4727e-02, 1.3081e-02, 1.8010e-02, 1.8293e-02,\n",
      "           4.5560e-02],\n",
      "          [9.9271e-01, 2.9634e-03, 6.2241e-04, 3.1157e-03, 2.7625e-04,\n",
      "           3.1574e-04],\n",
      "          [1.8526e-01, 7.7695e-01, 2.6835e-02, 4.6922e-03, 4.2297e-03,\n",
      "           2.0409e-03],\n",
      "          [3.8951e-01, 4.2162e-02, 5.1539e-01, 2.5137e-02, 9.3502e-03,\n",
      "           1.8458e-02],\n",
      "          [4.5729e-01, 2.3302e-03, 3.6960e-02, 4.0835e-01, 8.1900e-02,\n",
      "           1.3173e-02],\n",
      "          [9.5542e-01, 1.0383e-03, 8.9594e-04, 2.9144e-03, 2.5591e-02,\n",
      "           1.4142e-02]],\n",
      "\n",
      "         [[9.1484e-01, 3.8958e-03, 3.0932e-03, 1.4147e-02, 1.0530e-02,\n",
      "           5.3496e-02],\n",
      "          [2.9875e-01, 5.9756e-03, 2.7150e-02, 1.6145e-01, 1.2611e-01,\n",
      "           3.8056e-01],\n",
      "          [3.6262e-01, 4.3147e-02, 3.1864e-02, 1.4941e-01, 1.3574e-01,\n",
      "           2.7721e-01],\n",
      "          [7.7043e-01, 9.1484e-03, 2.5035e-02, 1.3207e-02, 2.6799e-02,\n",
      "           1.5539e-01],\n",
      "          [1.4758e-01, 8.4383e-02, 9.9870e-02, 6.0589e-02, 1.6660e-01,\n",
      "           4.4099e-01],\n",
      "          [8.3328e-01, 7.2651e-03, 5.5684e-03, 4.3829e-02, 1.9792e-02,\n",
      "           9.0266e-02]],\n",
      "\n",
      "         [[8.9049e-01, 4.5221e-03, 7.4847e-03, 7.4271e-02, 9.6295e-03,\n",
      "           1.3601e-02],\n",
      "          [8.8894e-01, 1.0141e-02, 4.6063e-03, 6.8331e-02, 2.4070e-02,\n",
      "           3.9124e-03],\n",
      "          [7.4720e-01, 1.6374e-02, 8.2199e-03, 8.7861e-02, 6.2415e-02,\n",
      "           7.7925e-02],\n",
      "          [8.7653e-01, 1.5177e-02, 6.0246e-03, 4.1952e-02, 1.7131e-02,\n",
      "           4.3186e-02],\n",
      "          [8.9675e-01, 1.1858e-02, 1.2957e-02, 4.4831e-02, 8.9622e-03,\n",
      "           2.4647e-02],\n",
      "          [8.9506e-01, 4.5712e-04, 9.9565e-03, 6.3305e-02, 1.2164e-02,\n",
      "           1.9055e-02]],\n",
      "\n",
      "         [[9.4206e-01, 3.4388e-03, 5.1645e-03, 1.4156e-02, 8.7137e-03,\n",
      "           2.6466e-02],\n",
      "          [7.8548e-01, 2.3037e-02, 4.0285e-02, 1.6653e-02, 5.6698e-02,\n",
      "           7.7846e-02],\n",
      "          [7.4480e-01, 3.1413e-02, 2.4722e-02, 1.8607e-02, 7.2351e-02,\n",
      "           1.0810e-01],\n",
      "          [8.0898e-01, 1.4224e-02, 1.5413e-02, 3.7382e-02, 4.6729e-02,\n",
      "           7.7271e-02],\n",
      "          [7.9677e-01, 2.8097e-02, 2.4885e-02, 3.7074e-02, 3.6667e-02,\n",
      "           7.6508e-02],\n",
      "          [8.8822e-01, 6.8359e-03, 1.4172e-02, 2.0625e-02, 1.7143e-02,\n",
      "           5.3003e-02]],\n",
      "\n",
      "         [[5.5685e-01, 4.9227e-02, 3.4932e-02, 8.0299e-02, 4.9772e-02,\n",
      "           2.2892e-01],\n",
      "          [4.9850e-01, 8.8016e-03, 8.5502e-03, 4.6145e-02, 1.0351e-01,\n",
      "           3.3449e-01],\n",
      "          [6.4533e-01, 1.1394e-02, 6.3902e-03, 8.5080e-02, 6.3603e-02,\n",
      "           1.8820e-01],\n",
      "          [5.1482e-01, 1.8418e-02, 8.5921e-02, 5.4813e-03, 3.6776e-02,\n",
      "           3.3858e-01],\n",
      "          [5.2482e-01, 2.9061e-02, 6.2282e-02, 2.7364e-02, 2.6679e-03,\n",
      "           3.5381e-01],\n",
      "          [4.2566e-01, 6.3638e-02, 8.7438e-02, 8.7888e-02, 1.0951e-01,\n",
      "           2.2587e-01]],\n",
      "\n",
      "         [[4.7780e-01, 3.9712e-02, 4.8365e-02, 9.0599e-02, 7.9727e-02,\n",
      "           2.6380e-01],\n",
      "          [7.6737e-01, 6.0823e-03, 3.1179e-03, 1.6758e-02, 3.0599e-02,\n",
      "           1.7607e-01],\n",
      "          [7.2916e-01, 9.5746e-03, 8.1469e-04, 2.1143e-02, 1.4226e-02,\n",
      "           2.2508e-01],\n",
      "          [7.7532e-01, 2.4388e-02, 8.2081e-03, 2.3663e-03, 1.3349e-02,\n",
      "           1.7637e-01],\n",
      "          [6.2903e-01, 4.3088e-02, 4.4957e-02, 1.3074e-01, 5.0414e-03,\n",
      "           1.4715e-01],\n",
      "          [3.0451e-01, 5.2942e-02, 6.7472e-02, 1.9105e-01, 7.3625e-02,\n",
      "           3.1039e-01]],\n",
      "\n",
      "         [[8.6991e-01, 1.5905e-02, 9.5257e-03, 1.4426e-02, 2.5266e-02,\n",
      "           6.4970e-02],\n",
      "          [8.3977e-01, 1.4503e-02, 2.1772e-02, 4.6069e-02, 1.9282e-02,\n",
      "           5.8601e-02],\n",
      "          [6.5926e-01, 7.4290e-02, 1.3674e-02, 1.3676e-01, 6.3871e-02,\n",
      "           5.2147e-02],\n",
      "          [4.9738e-01, 1.2989e-01, 7.5027e-02, 9.1244e-02, 1.0441e-01,\n",
      "           1.0204e-01],\n",
      "          [2.9646e-01, 3.4301e-01, 1.0454e-01, 5.4545e-02, 3.5545e-02,\n",
      "           1.6589e-01],\n",
      "          [9.6841e-01, 3.8041e-03, 2.3183e-03, 5.3077e-03, 5.5362e-03,\n",
      "           1.4626e-02]],\n",
      "\n",
      "         [[6.6131e-01, 2.1618e-02, 1.4962e-02, 1.8700e-02, 2.0825e-02,\n",
      "           2.6258e-01],\n",
      "          [3.4458e-01, 1.4993e-01, 5.8484e-03, 1.2637e-02, 2.7560e-02,\n",
      "           4.5945e-01],\n",
      "          [3.6015e-01, 1.4960e-02, 4.6893e-01, 6.6258e-03, 1.2057e-02,\n",
      "           1.3727e-01],\n",
      "          [3.7173e-01, 2.5752e-02, 1.8749e-02, 4.0044e-01, 1.7064e-02,\n",
      "           1.6627e-01],\n",
      "          [2.1353e-01, 3.1601e-02, 1.6380e-02, 5.7676e-03, 6.7434e-01,\n",
      "           5.8376e-02],\n",
      "          [6.5287e-01, 7.2698e-02, 5.1201e-02, 5.5091e-02, 4.2452e-02,\n",
      "           1.2569e-01]]]], grad_fn=<SoftmaxBackward0>), tensor([[[[9.8119e-01, 1.0328e-03, 9.2400e-04, 1.9272e-03, 2.5382e-03,\n",
      "           1.2388e-02],\n",
      "          [2.2569e-08, 5.7079e-07, 1.0000e+00, 7.2287e-08, 5.1686e-12,\n",
      "           3.3971e-09],\n",
      "          [8.7815e-07, 2.3503e-08, 4.6505e-07, 1.0000e+00, 2.3303e-08,\n",
      "           2.6613e-08],\n",
      "          [5.6058e-06, 1.8993e-06, 8.4709e-09, 2.6120e-06, 9.9999e-01,\n",
      "           9.4540e-07],\n",
      "          [6.4748e-04, 7.1323e-06, 1.5462e-04, 3.6014e-07, 5.4724e-05,\n",
      "           9.9914e-01],\n",
      "          [9.9504e-01, 6.4615e-05, 8.6682e-05, 2.1697e-04, 1.4254e-04,\n",
      "           4.4499e-03]],\n",
      "\n",
      "         [[7.3961e-01, 1.6892e-02, 2.3726e-02, 2.9896e-02, 2.4764e-02,\n",
      "           1.6512e-01],\n",
      "          [2.6458e-01, 7.2158e-03, 6.7650e-01, 1.1711e-02, 1.4158e-02,\n",
      "           2.5839e-02],\n",
      "          [2.8235e-01, 5.0231e-01, 1.0345e-02, 1.3954e-01, 4.1810e-03,\n",
      "           6.1284e-02],\n",
      "          [5.8792e-01, 1.0393e-02, 4.8722e-02, 6.0330e-04, 1.2521e-02,\n",
      "           3.3984e-01],\n",
      "          [4.7894e-01, 6.6063e-03, 2.2947e-01, 1.4880e-01, 4.0706e-02,\n",
      "           9.5477e-02],\n",
      "          [8.3082e-01, 4.1009e-03, 1.7202e-02, 1.7015e-02, 2.4641e-02,\n",
      "           1.0622e-01]],\n",
      "\n",
      "         [[7.3785e-01, 1.1027e-02, 1.5451e-02, 7.3845e-02, 8.7155e-02,\n",
      "           7.4668e-02],\n",
      "          [9.0442e-01, 1.2206e-02, 7.8857e-03, 1.6328e-02, 2.7285e-02,\n",
      "           3.1878e-02],\n",
      "          [9.2253e-01, 1.6510e-03, 2.9401e-03, 6.5937e-03, 2.6549e-03,\n",
      "           6.3631e-02],\n",
      "          [8.3490e-01, 4.1933e-03, 1.1297e-02, 1.8926e-03, 4.9843e-03,\n",
      "           1.4273e-01],\n",
      "          [7.9066e-01, 9.1818e-03, 1.6758e-02, 5.7034e-02, 8.6280e-03,\n",
      "           1.1773e-01],\n",
      "          [6.4368e-01, 1.5270e-02, 2.4514e-02, 1.0335e-01, 9.6849e-02,\n",
      "           1.1633e-01]],\n",
      "\n",
      "         [[6.9339e-01, 3.0438e-02, 4.2432e-02, 5.9365e-02, 4.5642e-02,\n",
      "           1.2873e-01],\n",
      "          [3.9271e-01, 1.2081e-02, 2.8805e-02, 2.1299e-02, 2.0540e-01,\n",
      "           3.3971e-01],\n",
      "          [8.4099e-01, 9.2636e-03, 3.1275e-03, 1.3278e-02, 1.0280e-02,\n",
      "           1.2306e-01],\n",
      "          [7.0073e-01, 2.1872e-02, 2.0886e-02, 4.5934e-03, 1.5758e-02,\n",
      "           2.3616e-01],\n",
      "          [5.9625e-01, 6.8214e-02, 4.4177e-02, 2.1380e-02, 1.2507e-03,\n",
      "           2.6873e-01],\n",
      "          [8.1990e-01, 1.1787e-02, 9.9251e-03, 2.4801e-02, 2.9837e-02,\n",
      "           1.0375e-01]],\n",
      "\n",
      "         [[7.7341e-01, 1.5839e-02, 1.2892e-02, 3.1173e-02, 2.4924e-02,\n",
      "           1.4176e-01],\n",
      "          [5.5495e-01, 3.6033e-02, 4.3975e-02, 2.1883e-02, 8.8389e-02,\n",
      "           2.5477e-01],\n",
      "          [7.6302e-01, 7.4946e-02, 4.5845e-02, 9.5628e-03, 3.0218e-02,\n",
      "           7.6412e-02],\n",
      "          [7.4556e-01, 3.0692e-02, 4.7089e-02, 1.3493e-02, 3.2274e-02,\n",
      "           1.3089e-01],\n",
      "          [6.8548e-01, 9.7450e-02, 5.6427e-02, 9.4579e-03, 5.0557e-02,\n",
      "           1.0063e-01],\n",
      "          [6.5979e-01, 1.3711e-02, 8.6119e-03, 2.9781e-02, 1.1410e-02,\n",
      "           2.7669e-01]],\n",
      "\n",
      "         [[6.7281e-01, 2.3544e-02, 3.7792e-02, 1.3779e-01, 7.3416e-02,\n",
      "           5.4647e-02],\n",
      "          [4.2845e-01, 1.6142e-01, 3.4242e-02, 5.3330e-02, 1.5524e-01,\n",
      "           1.6732e-01],\n",
      "          [6.4126e-01, 1.7459e-02, 1.0291e-02, 1.2601e-02, 3.3983e-02,\n",
      "           2.8441e-01],\n",
      "          [7.3170e-01, 1.1402e-02, 1.1585e-02, 7.5265e-03, 6.9295e-02,\n",
      "           1.6849e-01],\n",
      "          [5.5948e-01, 4.1817e-02, 2.6989e-02, 2.2120e-02, 1.3652e-01,\n",
      "           2.1307e-01],\n",
      "          [5.4908e-01, 3.6164e-02, 7.5725e-02, 1.8242e-01, 1.0757e-01,\n",
      "           4.9037e-02]],\n",
      "\n",
      "         [[2.4114e-01, 1.2223e-01, 9.3702e-02, 1.0348e-01, 8.9295e-02,\n",
      "           3.5015e-01],\n",
      "          [1.6287e-01, 5.2598e-01, 9.9131e-03, 3.4942e-03, 8.9409e-03,\n",
      "           2.8880e-01],\n",
      "          [1.0006e-01, 2.1293e-03, 7.0107e-01, 6.0007e-03, 9.9703e-03,\n",
      "           1.8077e-01],\n",
      "          [7.9263e-02, 5.4261e-04, 3.1813e-03, 8.2473e-01, 6.9592e-03,\n",
      "           8.5321e-02],\n",
      "          [1.7005e-01, 1.7375e-03, 4.6200e-03, 1.2033e-02, 6.3969e-01,\n",
      "           1.7187e-01],\n",
      "          [3.6166e-01, 7.0411e-02, 7.8110e-02, 8.9279e-02, 5.1225e-02,\n",
      "           3.4932e-01]],\n",
      "\n",
      "         [[8.5181e-01, 8.0174e-03, 1.5861e-02, 2.2568e-02, 2.9273e-02,\n",
      "           7.2466e-02],\n",
      "          [4.8384e-01, 6.5249e-02, 7.1508e-02, 4.7761e-02, 7.8583e-02,\n",
      "           2.5306e-01],\n",
      "          [5.4457e-01, 1.2261e-02, 7.2572e-03, 5.1955e-02, 7.2404e-02,\n",
      "           3.1155e-01],\n",
      "          [7.3568e-01, 3.6265e-02, 2.0787e-02, 1.1144e-03, 2.4243e-02,\n",
      "           1.8191e-01],\n",
      "          [6.4060e-01, 4.1782e-02, 1.9814e-02, 1.1743e-01, 1.0257e-02,\n",
      "           1.7012e-01],\n",
      "          [9.4081e-01, 2.4471e-03, 5.2036e-03, 9.7660e-03, 8.4563e-03,\n",
      "           3.3317e-02]],\n",
      "\n",
      "         [[8.0764e-01, 8.1582e-03, 1.2399e-02, 1.4255e-02, 3.8689e-02,\n",
      "           1.1886e-01],\n",
      "          [2.6036e-01, 1.0876e-01, 1.6830e-01, 2.9649e-02, 2.4916e-01,\n",
      "           1.8377e-01],\n",
      "          [6.1197e-01, 3.0834e-02, 1.1591e-02, 2.5192e-02, 9.4378e-02,\n",
      "           2.2603e-01],\n",
      "          [9.3532e-01, 5.0733e-03, 1.7777e-03, 3.9940e-03, 1.2446e-02,\n",
      "           4.1386e-02],\n",
      "          [2.6325e-01, 5.5177e-02, 8.7499e-02, 1.8939e-01, 1.9733e-01,\n",
      "           2.0736e-01],\n",
      "          [8.2662e-01, 9.5371e-03, 5.5365e-03, 6.2182e-03, 1.6685e-02,\n",
      "           1.3541e-01]],\n",
      "\n",
      "         [[6.9358e-01, 1.6897e-02, 1.2486e-02, 2.2938e-02, 4.2469e-02,\n",
      "           2.1163e-01],\n",
      "          [2.2699e-08, 2.2672e-06, 1.0000e+00, 1.8354e-07, 8.5637e-11,\n",
      "           7.6893e-09],\n",
      "          [3.9610e-07, 2.6841e-08, 4.9481e-07, 1.0000e+00, 4.7949e-08,\n",
      "           8.8064e-08],\n",
      "          [1.5954e-05, 2.9109e-06, 6.6341e-09, 4.2031e-06, 9.9997e-01,\n",
      "           3.3198e-06],\n",
      "          [1.1033e-03, 1.9899e-05, 7.8778e-05, 1.7908e-07, 4.7149e-05,\n",
      "           9.9875e-01],\n",
      "          [9.9742e-01, 7.6297e-06, 3.5568e-05, 2.8243e-04, 2.2602e-04,\n",
      "           2.0246e-03]],\n",
      "\n",
      "         [[7.3265e-01, 2.5467e-02, 2.9491e-02, 2.9908e-02, 3.7437e-02,\n",
      "           1.4505e-01],\n",
      "          [6.8765e-01, 3.5097e-02, 4.8689e-02, 5.6176e-02, 5.8785e-02,\n",
      "           1.1360e-01],\n",
      "          [7.4769e-01, 1.5495e-02, 9.7429e-02, 7.5796e-03, 9.3146e-02,\n",
      "           3.8665e-02],\n",
      "          [2.8267e-01, 3.0194e-03, 3.5173e-02, 3.2746e-01, 3.1026e-01,\n",
      "           4.1426e-02],\n",
      "          [3.2724e-01, 3.5550e-02, 1.5093e-01, 2.4425e-02, 4.0223e-01,\n",
      "           5.9634e-02],\n",
      "          [9.1149e-01, 5.6872e-03, 9.8060e-03, 1.1677e-02, 1.6833e-02,\n",
      "           4.4509e-02]],\n",
      "\n",
      "         [[9.6568e-01, 2.1787e-03, 2.0963e-03, 3.9346e-03, 5.6690e-03,\n",
      "           2.0445e-02],\n",
      "          [1.6520e-01, 1.2899e-02, 1.5260e-01, 2.8876e-01, 3.3239e-01,\n",
      "           4.8155e-02],\n",
      "          [2.8017e-01, 1.0350e-01, 4.0116e-02, 2.9440e-01, 2.1834e-01,\n",
      "           6.3483e-02],\n",
      "          [6.5747e-01, 7.8002e-02, 2.7203e-02, 8.3680e-02, 6.8904e-02,\n",
      "           8.4744e-02],\n",
      "          [6.9519e-01, 3.0995e-02, 3.7476e-02, 9.6285e-02, 3.5252e-02,\n",
      "           1.0480e-01],\n",
      "          [9.9309e-01, 3.5245e-04, 3.9339e-04, 1.2680e-03, 1.2100e-03,\n",
      "           3.6850e-03]]]], grad_fn=<SoftmaxBackward0>), tensor([[[[3.4897e-01, 1.1234e-03, 9.4601e-04, 2.5663e-03, 7.2713e-03,\n",
      "           6.3912e-01],\n",
      "          [3.5010e-01, 6.4863e-02, 5.7782e-05, 5.3430e-04, 2.8118e-04,\n",
      "           5.8416e-01],\n",
      "          [4.3418e-01, 2.9125e-05, 9.0861e-02, 1.3329e-03, 1.8596e-03,\n",
      "           4.7174e-01],\n",
      "          [4.1811e-01, 3.3897e-04, 4.0242e-05, 2.1502e-01, 9.7905e-04,\n",
      "           3.6552e-01],\n",
      "          [2.1257e-01, 3.0528e-05, 1.7302e-04, 6.8370e-04, 6.1602e-01,\n",
      "           1.7053e-01],\n",
      "          [3.0058e-01, 2.6557e-03, 7.5419e-03, 7.3556e-03, 3.5149e-03,\n",
      "           6.7835e-01]],\n",
      "\n",
      "         [[3.7885e-01, 9.5512e-03, 1.5052e-02, 3.9782e-02, 5.6482e-02,\n",
      "           5.0028e-01],\n",
      "          [4.0444e-01, 2.6500e-02, 1.6807e-01, 1.0928e-01, 4.9308e-02,\n",
      "           2.4241e-01],\n",
      "          [5.1335e-01, 4.4849e-02, 1.5133e-01, 1.4932e-01, 5.6741e-02,\n",
      "           8.4411e-02],\n",
      "          [3.9562e-01, 4.5894e-02, 1.6511e-01, 3.4247e-02, 1.1711e-01,\n",
      "           2.4202e-01],\n",
      "          [1.1506e-01, 4.8967e-02, 5.5353e-02, 4.5954e-02, 2.3503e-02,\n",
      "           7.1116e-01],\n",
      "          [5.2014e-01, 2.8305e-03, 3.1254e-03, 4.1009e-03, 4.8877e-03,\n",
      "           4.6491e-01]],\n",
      "\n",
      "         [[9.5499e-02, 1.0050e-01, 1.1482e-01, 3.8524e-01, 1.3484e-01,\n",
      "           1.6909e-01],\n",
      "          [4.6769e-01, 8.2495e-02, 1.4112e-03, 9.9364e-04, 6.3273e-03,\n",
      "           4.4108e-01],\n",
      "          [5.1151e-01, 2.5933e-02, 3.1374e-03, 2.6587e-03, 1.4657e-02,\n",
      "           4.4210e-01],\n",
      "          [2.8239e-01, 1.4529e-01, 1.2131e-01, 2.1133e-02, 1.2293e-01,\n",
      "           3.0694e-01],\n",
      "          [4.9039e-01, 1.6166e-02, 1.4064e-02, 4.1724e-03, 2.5060e-02,\n",
      "           4.5015e-01],\n",
      "          [1.4279e-01, 1.3052e-02, 1.0417e-02, 1.4631e-02, 9.2909e-03,\n",
      "           8.0982e-01]],\n",
      "\n",
      "         [[4.0223e-01, 1.4177e-02, 2.0014e-02, 3.3277e-02, 3.4399e-02,\n",
      "           4.9590e-01],\n",
      "          [1.4698e-01, 7.7629e-03, 2.3403e-01, 2.8909e-01, 2.6385e-01,\n",
      "           5.8294e-02],\n",
      "          [1.3581e-01, 7.9457e-03, 4.9778e-03, 5.1041e-01, 2.7661e-01,\n",
      "           6.4240e-02],\n",
      "          [4.4848e-01, 6.5807e-03, 8.9652e-03, 4.9939e-03, 1.1113e-01,\n",
      "           4.1986e-01],\n",
      "          [4.3589e-01, 2.0844e-02, 1.3480e-02, 8.9886e-02, 1.4843e-02,\n",
      "           4.2505e-01],\n",
      "          [3.5993e-01, 3.4443e-03, 2.7286e-03, 1.8365e-03, 3.5927e-03,\n",
      "           6.2847e-01]],\n",
      "\n",
      "         [[1.0042e-01, 1.2342e-02, 3.6363e-02, 2.7964e-01, 4.3792e-02,\n",
      "           5.2745e-01],\n",
      "          [2.0086e-01, 5.2209e-03, 1.3881e-01, 3.2848e-01, 7.8926e-02,\n",
      "           2.4771e-01],\n",
      "          [1.3165e-01, 1.2755e-02, 6.6222e-02, 1.7404e-01, 1.6582e-01,\n",
      "           4.4951e-01],\n",
      "          [1.7154e-02, 1.6376e-02, 2.3944e-01, 5.3572e-01, 7.4739e-02,\n",
      "           1.1657e-01],\n",
      "          [1.6322e-02, 1.4182e-02, 8.4339e-02, 8.2111e-01, 4.2074e-02,\n",
      "           2.1976e-02],\n",
      "          [7.8537e-01, 7.4485e-04, 3.5041e-04, 1.1488e-03, 3.8071e-03,\n",
      "           2.0858e-01]],\n",
      "\n",
      "         [[7.7097e-01, 1.3439e-02, 2.9940e-02, 3.1175e-02, 1.1609e-01,\n",
      "           3.8383e-02],\n",
      "          [9.5268e-01, 7.4876e-03, 2.8219e-05, 1.0542e-04, 2.5836e-03,\n",
      "           3.7120e-02],\n",
      "          [6.8306e-02, 9.1145e-01, 1.3428e-02, 9.0010e-05, 4.8855e-04,\n",
      "           6.2414e-03],\n",
      "          [9.6609e-02, 2.7518e-03, 8.8095e-01, 1.4289e-02, 5.9901e-04,\n",
      "           4.7970e-03],\n",
      "          [2.0862e-02, 5.8753e-05, 1.7184e-03, 9.7453e-01, 5.9572e-04,\n",
      "           2.2319e-03],\n",
      "          [9.3017e-01, 8.1160e-03, 4.8150e-03, 1.7320e-02, 2.2347e-02,\n",
      "           1.7235e-02]],\n",
      "\n",
      "         [[9.7511e-02, 6.1211e-02, 8.0915e-02, 5.0942e-01, 4.7015e-02,\n",
      "           2.0393e-01],\n",
      "          [5.1387e-01, 1.9686e-02, 1.9983e-02, 6.3904e-03, 7.8419e-02,\n",
      "           3.6165e-01],\n",
      "          [4.4495e-01, 5.2942e-02, 7.8069e-02, 9.7212e-03, 9.7867e-02,\n",
      "           3.1645e-01],\n",
      "          [5.0695e-01, 4.1010e-02, 2.9995e-02, 9.1688e-03, 3.5425e-02,\n",
      "           3.7745e-01],\n",
      "          [2.9430e-01, 2.2142e-02, 3.7500e-02, 3.2849e-02, 2.9995e-01,\n",
      "           3.1326e-01],\n",
      "          [3.0661e-01, 6.5794e-03, 8.5150e-03, 2.7637e-02, 1.8256e-02,\n",
      "           6.3240e-01]],\n",
      "\n",
      "         [[5.6740e-01, 2.6453e-02, 5.7705e-02, 5.6208e-02, 3.7635e-02,\n",
      "           2.5460e-01],\n",
      "          [2.7305e-01, 1.2006e-02, 1.6803e-01, 9.0306e-02, 1.6617e-01,\n",
      "           2.9044e-01],\n",
      "          [3.9798e-01, 3.9511e-02, 3.7305e-02, 3.1696e-02, 8.5097e-02,\n",
      "           4.0842e-01],\n",
      "          [4.3676e-01, 1.1909e-02, 3.1722e-02, 4.4129e-02, 7.2627e-02,\n",
      "           4.0285e-01],\n",
      "          [3.1122e-01, 7.0294e-02, 1.4100e-01, 1.3002e-01, 1.5216e-01,\n",
      "           1.9530e-01],\n",
      "          [4.2845e-01, 8.8285e-03, 1.1071e-02, 1.0398e-02, 1.0599e-02,\n",
      "           5.3065e-01]],\n",
      "\n",
      "         [[6.2026e-01, 1.1772e-02, 1.8128e-02, 1.0419e-02, 5.2301e-02,\n",
      "           2.8712e-01],\n",
      "          [4.8272e-01, 3.9929e-02, 2.6090e-02, 3.2501e-02, 5.2612e-02,\n",
      "           3.6615e-01],\n",
      "          [3.2347e-01, 2.3530e-01, 6.8899e-02, 2.1596e-02, 2.9939e-02,\n",
      "           3.2079e-01],\n",
      "          [1.3477e-01, 4.2588e-02, 7.9298e-02, 1.4350e-01, 8.6056e-02,\n",
      "           5.1379e-01],\n",
      "          [1.9279e-01, 9.4887e-03, 5.2303e-02, 1.8518e-02, 1.4271e-01,\n",
      "           5.8419e-01],\n",
      "          [7.5771e-01, 1.7387e-03, 2.5260e-03, 8.2306e-03, 6.5045e-03,\n",
      "           2.2329e-01]],\n",
      "\n",
      "         [[7.7540e-01, 4.8607e-03, 5.0923e-03, 3.7687e-02, 1.7003e-02,\n",
      "           1.5996e-01],\n",
      "          [3.4793e-03, 1.7811e-03, 9.7467e-01, 1.1126e-03, 2.5914e-04,\n",
      "           1.8696e-02],\n",
      "          [3.0789e-02, 6.7484e-04, 2.4120e-03, 9.2255e-01, 1.0899e-02,\n",
      "           3.2674e-02],\n",
      "          [8.5030e-01, 3.3539e-05, 2.6684e-05, 1.3130e-03, 1.0499e-01,\n",
      "           4.3339e-02],\n",
      "          [6.9205e-01, 6.6855e-04, 1.6791e-03, 3.4181e-03, 6.6464e-03,\n",
      "           2.9554e-01],\n",
      "          [9.3018e-01, 2.8731e-03, 1.1587e-03, 5.5146e-03, 5.3407e-03,\n",
      "           5.4936e-02]],\n",
      "\n",
      "         [[3.2282e-01, 6.5763e-03, 1.4101e-02, 2.0943e-02, 1.7730e-02,\n",
      "           6.1783e-01],\n",
      "          [2.4632e-01, 1.7526e-02, 4.3679e-01, 3.8225e-02, 2.7288e-02,\n",
      "           2.3385e-01],\n",
      "          [2.9914e-01, 1.5184e-01, 1.8305e-02, 3.0716e-01, 5.3227e-02,\n",
      "           1.7033e-01],\n",
      "          [3.9774e-01, 1.5641e-03, 2.8617e-03, 1.6073e-02, 3.8729e-02,\n",
      "           5.4303e-01],\n",
      "          [1.2623e-01, 3.6223e-01, 1.7667e-01, 9.2855e-02, 6.8127e-02,\n",
      "           1.7389e-01],\n",
      "          [2.8904e-01, 1.5533e-03, 1.9720e-03, 1.1802e-03, 3.3588e-03,\n",
      "           7.0290e-01]],\n",
      "\n",
      "         [[6.6267e-01, 9.4348e-03, 2.0249e-02, 1.1614e-02, 3.4709e-02,\n",
      "           2.6132e-01],\n",
      "          [7.8930e-01, 2.7384e-03, 3.1032e-03, 2.0543e-03, 1.6387e-02,\n",
      "           1.8642e-01],\n",
      "          [4.1592e-01, 1.1567e-01, 3.8234e-02, 9.6911e-03, 1.7869e-02,\n",
      "           4.0262e-01],\n",
